0 -1 -1 -1 8 -1 -1 -1 2 -1 -1 -1 -1 -1 -1
-1 0 -1 -1 -1 -1 -1 3 5 -1 -1 -1 -1 -1 -1
-1 -1 0 -1 -1 -1 -1 -1 4 5 -1 -1 -1 5 -1
-1 -1 -1 0 -1 -1 -1 -1 -1 -1 -1 1 -1 -1 2
7 -1 -1 -1 0 -1 -1 -1 -1 2 -1 5 -1 -1 -1
-1 -1 -1 -1 -1 0 -1 -1 -1 -1 3 4 -1 -1 -1
-1 -1 -1 3 -1 -1 0 -1 -1 -1 -1 -1 8 -1 6
-1 3 -1 -1 -1 -1 -1 0 -1 -1 -1 -1 -1 1 -1
1 5 4 -1 -1 -1 -1 -1 0 -1 -1 -1 -1 -1 -1
-1 -1 3 -1 -1 -1 -1 -1 -1 0 2 -1 3 -1 -1
-1 -1 -1 -1 -1 3 -1 -1 -1 2 0 2 -1 -1 -1
-1 -1 -1 1 5 5 -1 -1 -1 -1 2 0 -1 -1 -1
-1 -1 -1 -1 -1 -1 8 -1 -1 3 -1 -1 0 -1 -1
-1 -1 6 -1 -1 -1 -1 1 -1 -1 -1 -1 -1 0 -1
-1 -1 -1 4 -1 -1 4 -1 -1 -1 -1 -1 -1 -1 0